10
32
32
32
32
32
32
32
32
32
32
32
32
32
32
32
77
77
77
46
32
32
32
32
32
32
32
32
32
32
32
46
77
77
77
10
32
32
32
32
32
32
32
32
32
32
32
32
32
32
32
77
77
77
77
77
77
77
77
77
77
77
77
77
77
77
77
77
77
77
10
32
32
32
32
32
32
32
32
32
32
32
32
32
32
32
77
77
77
77
77
77
77
77
77
77
77
77
77
77
77
77
77
77
77
32
32
32
32
32
32
95
95
95
95
95
95
95
95
95
95
95
95
95
95
95
95
95
95
95
95
95
95
95
95
95
95
95
95
10
32
32
32
32
32
32
32
32
32
32
32
32
32
32
77
77
77
77
77
77
77
77
77
77
77
77
77
77
77
77
77
77
77
77
77
32
32
32
32
124
32
32
32
32
32
32
32
32
32
32
32
32
32
32
32
32
32
32
32
32
32
32
32
32
32
32
32
32
124
10
32
32
32
32
32
32
32
32
32
32
32
32
32
77
77
77
77
77
77
77
77
77
77
77
77
77
77
77
77
77
77
77
77
77
77
77
32
32
32
124
32
80
114
97
99
116
105
99
97
108
105
116
121
32
98
101
97
116
115
32
112
117
114
105
116
121
46
32
124
10
32
32
32
32
32
32
32
32
32
32
32
32
77
77
77
77
77
77
77
77
77
77
77
77
77
77
77
77
77
77
77
77
77
77
77
77
32
32
32
124
95
32
32
32
95
95
95
95
95
95
95
95
95
95
95
95
95
95
95
95
95
95
95
95
95
95
95
95
124
10
32
32
32
32
32
32
32
32
32
32
32
32
77
77
77
77
58
58
45
32
45
58
58
58
58
58
58
58
45
32
45
58
58
77
77
77
77
32
32
32
32
124
47
10
32
32
32
32
32
32
32
32
32
32
32
32
32
77
77
126
58
126
32
48
48
126
58
58
58
58
58
126
32
48
48
126
58
126
77
77
10
32
32
32
32
32
32
32
32
46
46
32
77
77
77
77
77
58
58
46
48
48
58
58
58
43
58
58
58
46
48
48
58
58
77
77
77
77
77
32
46
46
10
32
32
32
32
32
32
32
32
32
32
32
32
32
32
46
77
77
58
58
58
58
58
32
46
95
46
32
58
58
58
58
58
77
77
46
10
32
32
32
32
32
32
32
32
32
32
32
32
32
32
32
32
32
77
77
77
77
59
58
58
58
58
58
59
77
77
77
77
10
32
32
32
32
32
32
32
32
32
32
45
77
77
32
32
32
32
32
32
32
32
77
77
77
77
77
77
77
10
32
32
32
32
32
32
32
32
32
32
94
32
32
77
43
32
32
32
32
32
77
77
77
77
77
77
77
77
77
10
32
32
32
32
32
32
32
32
32
32
32
32
32
32
77
77
77
77
77
77
77
32
77
77
32
77
77
32
77
77
10
32
32
32
32
32
32
32
32
32
32
32
32
32
32
32
32
32
32
32
77
77
32
77
77
32
77
77
32
77
77
10
32
32
32
32
32
32
32
32
32
32
32
32
32
32
32
32
32
32
32
77
77
32
77
77
32
77
77
32
77
77
10
32
32
32
32
32
32
32
32
32
32
32
32
32
32
32
32
46
126
126
77
77
126
77
77
126
77
77
126
77
77
126
126
46
10
32
32
32
32
32
32
32
32
32
32
32
32
32
126
126
126
126
77
77
58
126
77
77
126
126
126
77
77
126
58
77
77
126
126
126
126
10
32
32
32
32
32
32
32
32
32
32
32
32
126
126
126
126
126
126
61
61
126
61
61
126
126
126
61
61
126
61
61
126
126
126
126
126
126
10
32
32
32
32
32
32
32
32
32
32
32
32
32
126
126
126
126
126
126
61
61
126
61
61
126
61
61
126
61
61
126
126
126
126
126
126
10
32
32
32
32
32
32
32
32
32
32
32
32
32
32
32
32
32
58
126
61
61
126
61
61
126
61
61
126
61
61
126
126
10
